1000
1083
1171
1254
1324
1378
1466
1502
1599
1641
1693
1759
1838
1866
1894
1955
2035
2066
2104
2116
2162
2213
2267
2301
2371
2382
2401
2457
2504
2579
2604
2686
2730
2800
2821
2919
3002
3067
3093
3185
3240
3308
3308
3314
3357
3419
3440
3509
3523
3616
3626
3696
3701
3725
3815
3865
3923
3982
4017
4057
4132
4221
4304
4325
4338
4369
4385
4391
4487
4509
4589
4641
4730
4765
4860
4913
4956
5025
5039
5133
5199
5214
5296
5356
5450
5468
5541
5546
5605
5627
5635
5731
5830
5881
5940
6015
6109
6137
6142
6190
6207
6292
6317
6338
6396
6420
6504
6545
6600
6689
6743
6806
6890
6904
6994
7090
7146
7202
7269
7295
7380
7479
7501
7562
7646
7671
7740
7799
7860
7905
7908
7968
8055
8091
8095
8176
8238
8314
8339
8385
8441
8509
8559
8564
8583
8632
8713
8796
8892
8941
8965
8974
8991
9086
9176
9212
9241
9272
9352
9412
9497
9556
9611
9665
9720
9799
9845
9855
9858
9861
9884
9958
9963
10014
10095
10123
10158
10178
10202
10234
10250
10346
10422
10486
10517
10614
10616
10685
10718
10730
10812
10908
10977
11023
11116
11121
11212
11248
11261
11343
11367
11418
11512
11540
11631
11660
11685
11730
11762
11829
11829
11860
11906
11967
11974
11999
12078
12115
12190
12284
12369
12429
12482
12532
12568
12610
12644
12718
12764
12781
12867
12942
13009
13052
13061
13063
13138
13168
13260
13282
13296
13310
13321
13409
13490
13528
13591
13604
13683
13763
13862
13951
14020
14064
14114
14127
14175
14194
14239
14325
14368
14439
14481
14534
14555
14609
14670
14693
14744
14773
14787
14877
14961
14990
14991
15055
15146
15178
15262
15264
15345
15414
15419
15474
15504
15514
15521
15572
15644
15696
15716
15770
15862
15866
15935
16003
16096
16104
16172
16192
16229